angle [deg]	counting rate [cps]
52.00	0.50
52.20	2.25
52.30	1.25
52.40	3.49
52.50	3.74
52.60	2.74
52.70	3.51
52.80	3.51
52.90	3.26
53.00	5.81
53.10	5.79
53.20	4.98
53.30	5.73
53.40	5.00
53.50	3.25
53.60	4.01
53.70	5.99
53.80	4.97
53.90	3.99
54.00	4.00
54.10	2.49
54.20	2.26
54.30	5.00
54.40	5.00
54.50	2.76
54.60	2.01
54.70	1.50
54.80	1.75
54.90	4.25
55.00	3.99
55.10	4.51
55.20	5.50
55.30	3.49
55.40	4.00
55.50	4.50
55.60	4.00
55.70	2.99
55.80	2.74
55.90	2.99
56.00	3.48
56.10	4.48
56.20	2.99
56.30	2.50
56.40	3.50
56.50	3.76
56.60	3.01
56.70	2.50
56.80	3.26
56.90	4.24
57.00	4.24
57.10	2.99
57.20	3.48
57.30	4.74
57.40	5.24
57.50	4.24
57.60	4.24
57.70	4.73
57.80	3.24
57.90	3.75
58.00	5.00
58.10	4.51
58.20	4.00
58.30	4.25
58.40	2.99
58.50	2.00
58.60	2.25
58.70	3.74
58.80	5.50
58.90	6.01
59.00	6.00
59.10	4.50
59.20	6.29
59.30	6.78
59.40	5.24
59.50	4.76
59.60	4.24
59.70	5.49
59.80	5.03
59.90	6.27
60.00	8.26
60.10	10.49
60.20	13.70
60.30	17.57
60.40	19.12
60.50	18.50
60.60	22.97
60.70	25.79
60.80	24.77
60.90	25.09
61.00	24.29
61.10	25.46
61.20	30.02
61.30	28.45
61.40	30.95
61.50	37.02
61.60	37.54
61.70	40.66
61.80	35.22
61.90	24.80
62.00	17.23
62.10	10.74
62.20	7.47
62.30	5.99
62.40	5.25
62.50	3.74
62.60	4.49
62.70	5.00
62.80	4.25
62.90	4.99
63.00	4.74
63.10	4.72
63.20	7.00
63.30	6.01
63.40	4.25
63.50	4.01
63.60	4.50
63.70	5.24
63.80	5.50
63.90	4.01
64.00	4.50
64.10	5.00
64.20	5.26
64.30	5.76
64.40	4.49
64.50	7.97
64.60	7.22
64.70	5.49
64.80	6.25
64.90	4.27
65.00	5.26
65.10	5.99
65.20	5.52
65.30	5.28
65.40	3.50
65.50	5.51
65.60	7.52
65.70	5.76
65.80	3.25
65.90	2.49
66.00	4.24
66.10	3.50
66.20	4.49
66.30	9.24
66.40	9.51
66.50	7.98
66.60	8.74
66.70	7.75
66.80	10.77
66.90	13.57
67.00	15.54
67.10	24.95
67.20	35.30
67.30	45.86
67.40	55.11
67.50	70.17
67.60	84.87
67.70	90.30
67.80	100.69
67.90	112.51
68.00	117.44
68.10	128.73
68.20	158.17
68.30	181.08
68.40	196.42
68.50	213.05
68.60	236.71
68.70	217.55
68.80	158.53
68.90	118.31
69.00	78.86
69.10	42.97
69.20	22.56
69.30	12.75
69.40	8.03
69.50	8.49
69.60	7.25
69.70	6.00
69.80	5.01
69.90	4.49
70.00	6.48
70.10	6.49
70.20	4.74
70.30	4.25
70.40	4.51
70.50	5.25
70.60	4.49
70.70	3.26
70.80	4.00
70.90	5.23
71.00	4.49
71.10	3.99
71.20	2.98
71.30	2.24
71.40	3.99
71.50	4.76
71.60	6.50
71.70	6.75
71.80	3.51
71.90	2.99
72.00	4.24
72.10	4.24
72.20	4.50
72.30	4.25
72.40	4.50
72.50	5.01
72.60	5.26
72.70	3.51
72.80	2.49
72.90	3.48
73.00	2.74
73.10	2.50
73.20	1.75
73.30	3.26
73.40	6.78
73.50	6.78
73.60	4.75
73.70	3.23
73.80	3.23
73.90	3.24
74.00	2.74
74.10	3.74
74.20	4.50
74.30	3.49
74.40	2.99
74.50	2.49
74.60	2.99
74.70	4.48
74.80	4.98
74.90	5.48
75.00	5.50
75.10	5.00
75.20	5.00
75.30	4.50
75.40	2.74
75.50	1.49
75.60	3.24
75.70	4.75
75.80	4.74
75.90	5.73
76.00	6.51
76.10	6.52
76.20	5.00
76.30	2.50
76.40	2.25
76.50	2.75
76.60	4.00
76.70	4.74
76.80	3.48
76.90	3.99
77.00	4.99
77.10	3.99
77.20	4.00
77.30	3.75
77.40	3.00
77.50	2.50
77.60	3.51
77.70	4.25
77.80	3.98
77.90	5.48
78.00	5.24
78.10	4.00
78.20	3.24
78.30	5.24
78.40	6.26
78.50	5.78
78.60	5.77
78.70	4.99
78.80	3.98
78.90	4.98
79.00	4.49
79.10	3.99
79.20	4.99
79.30	3.75
79.40	5.00
79.50	4.75
79.60	3.25
79.70	5.28
79.80	6.78
79.90	5.49
80.00	4.74
80.10	4.50
80.20	3.51
80.30	3.51
80.40	3.02
80.50	3.26
80.60	4.24
80.70	3.98
80.80	5.76
80.90	7.01
81.00	7.51
81.10	7.01
81.20	6.74
81.30	6.73
81.40	5.24
81.50	4.73
81.60	4.49
81.70	3.50
81.80	4.01
81.90	5.25
82.00	5.26
82.10	5.51
82.20	5.00
82.30	5.24
82.40	5.73
82.50	5.25
82.60	5.25
82.70	4.74
82.80	5.00
82.90	5.52
83.00	4.27
83.10	4.75
83.20	5.49
83.30	5.47
83.40	5.48
83.50	5.51
83.60	4.25
83.70	5.50
83.80	5.75
83.90	4.00
84.00	6.25
84.10	6.00
84.20	4.74
84.30	5.97
84.40	7.27
84.50	6.03
84.60	4.00
84.70	2.25
84.80	4.22
84.90	5.71
85.00	2.99
85.10	3.50
85.20	4.25
85.30	5.75
85.40	5.50
85.50	3.76
85.60	3.51
85.70	4.75
85.80	5.49
85.90	3.74
86.00	3.49
86.10	3.50
86.20	4.24
86.30	4.24
86.40	5.76
86.50	6.50
86.60	5.76
86.70	6.03
86.80	5.25
86.90	5.50
87.00	5.28
87.10	5.26
87.20	5.22
87.30	6.25
87.40	6.51
87.50	5.49
87.60	3.99
87.70	2.50
87.80	1.50
87.90	6.81
88.00	3.51
88.10	5.00
88.20	4.99
88.30	3.99
88.40	2.99
88.50	6.49
88.60	3.00
88.70	2.50
88.80	5.48
88.90	6.04
89.00	4.49
89.10	5.01
89.20	6.01
89.30	8.50
89.40	4.97
89.50	5.48
89.60	6.50
89.70	5.00
89.80	8.54
89.90	4.02
90.00	2.50
90.10	6.03
90.20	6.51
90.30	5.00
90.40	5.98
90.50	8.50
90.60	5.50
90.70	7.50
90.80	10.05
90.90	6.50
91.00	6.02
91.10	7.01
91.20	4.49
91.30	10.53
91.40	3.48
91.50	10.48
91.60	6.99
91.70	7.00
91.80	11.00
91.90	9.56
92.00	8.00
92.10	7.01
92.20	9.49
92.30	6.47
92.40	7.50
92.50	12.02
92.60	14.52
92.70	7.49
92.80	6.03
92.90	10.48
93.00	8.01
93.10	6.50
93.20	5.51
93.30	3.51
93.40	7.48
93.50	7.55
93.60	6.54
93.70	11.03
93.80	5.49
93.90	9.96
94.00	9.98
94.10	5.49
94.20	8.45
94.30	8.05
